$ 1 0.000005 10.20027730826997 50 5 50 5e-11
165 704 400 896 400 6 4.596448256294966
R 768 336 768 320 0 0 40 5 0 0 0.5
181 928 464 928 592 0 311.53547678081577 100 120 0.4 0.4
r 480 336 480 496 0 1000
r 592 528 592 624 0 1000
s 480 528 480 624 0 1 true
s 592 336 592 432 0 1 true
w 928 464 832 464 0
w 480 336 592 336 0
w 592 336 768 336 0
w 768 368 768 336 0
w 832 432 832 336 0
w 832 336 768 336 0
w 704 496 480 496 0
w 704 528 592 528 0
w 592 528 592 432 0
w 480 528 480 496 0
w 480 624 592 624 0
g 800 624 800 656 0 0
w 800 624 592 624 0
w 800 624 800 560 0
w 800 624 928 624 0
w 928 624 928 592 0
